header: 
  seq: 9703
  stamp: 
    secs: 353
    nsecs:  90000000
  frame_id: "map"
child_frame_id: "base_footprint"
pose: 
  pose: 
    position: 
      x: 26.52823378189256
      y: -16.294454673067932
      z: 0.0
    orientation: 
      x: 0.0
      y: 0.0
      z: 0.0021598723446893666
      w: 0.999997667473007
  covariance: [284506.4824566018, 4265.737116606363, 0.0, 0.0, 0.0, 199.58691953531832, 4265.737116606571, 289122.09757496766, 0.0, 0.0, 0.0, 332.50843193205276, 0.0, 0.0, 3.3150177621629426e-07, -1.7540467360579398e-15, -2.4742499853964226e-15, 0.0, 0.0, 0.0, -1.7540467360579388e-15, 3.2970971679283897e-07, -2.3698212884003087e-21, 0.0, 0.0, 0.0, -2.4742499853964234e-15, -2.3698212884003114e-21, 3.2970971679283727e-07, 0.0, 199.58691953531832, 332.50843193205276, 0.0, 0.0, 0.0, 19.40592000143792]
twist: 
  twist: 
    linear: 
      x: 0.12562633170044557
      y: -0.08905909198796985
      z: 0.0
    angular: 
      x: 0.0
      y: 0.0
      z: 1.5481714793212792e-07
  covariance: [8.085800001470838, 0.0, 0.0, 0.0, 0.0, 0.0, 0.0, 8.085800001470838, 0.0, 0.0, 0.0, 0.0, 0.0, 0.0, 3.306009093238309e-07, -4.188386374233045e-25, -5.908117903666912e-25, 0.0, 0.0, 0.0, -4.188386374233042e-25, 3.2290647422021336e-07, -2.0461088687231853e-30, 0.0, 0.0, 0.0, -5.908117903666912e-25, -2.046108868723186e-30, 3.2290647422021336e-07, 0.0, 0.0, 0.0, 0.0, 0.0, 0.0, 9.99950004999374e-10]
  
-----------------------------------------------------------------------------------------------------------------------------------------

header: 
  seq: 9940
  stamp: 
    secs: 360
    nsecs: 990000000
  frame_id: "map"
child_frame_id: "base_footprint"
pose: 
  pose: 
    position: 
      x: 27.428418580308985
      y: -17.056455303584404
      z: 0.0
    orientation: 
      x: 0.0
      y: 0.0
      z: 0.0022082166114192345
      w: 0.9999975618867263
  covariance: [305991.1436065667, 4712.191511886952, 0.0, 0.0, 0.0, 214.5552298650745, 4712.191511887099, 310905.7134566462, 0.0, 0.0, 0.0, 350.1849749986274, 0.0, 0.0, 3.3150177621634694e-07, -1.808603228747916e-15, -1.986205211463043e-15, 0.0, 0.0, 0.0, -1.808603228747918e-15, 3.297097167930404e-07, -1.9615450108329378e-21, 0.0, 0.0, 0.0, -1.9862052114630424e-15, -1.96154501083294e-21, 3.297097167930399e-07, 0.0, 214.5552298650745, 350.1849749986274, 0.0, 0.0, 0.0, 19.879920001440304]
twist: 
  twist: 
    linear: 
      x: 0.10084659036731612
      y: -0.09182911617163651
      z: 0.0
    angular: 
      x: 0.0
      y: 0.0
      z: 1.790008829478495e-07
  covariance: [8.283300001485598, 0.0, 0.0, 0.0, 0.0, 0.0, 0.0, 8.283300001485598, 0.0, 0.0, 0.0, 0.0, 0.0, 0.0, 3.306009093239836e-07, -4.318658662602332e-25, -4.742744127488876e-25, 0.0, 0.0, 0.0, -4.318658662602334e-25, 3.229064742207625e-07, -1.693602252256106e-30, 0.0, 0.0, 0.0, -4.742744127488877e-25, -1.6936022522561086e-30, 3.229064742207625e-07, 0.0, 0.0, 0.0, 0.0, 0.0, 0.0, 9.999500049993769e-10]
